## LogoData
# First column is position number, counting from zero
# Subsequent columns are raw symbol counts
# Entropy is mean entropy measured in nats.
# Low and High are the 95% confidence limits.
# Weight is the fraction of non-gap symbols in the column.
#	
#	A 	C 	G 	U 	Entropy	Low	High	Weight
1 	40 	15 	25 	32 	0.0676 	0.0216 	0.1395 	1.0000
2 	37 	24 	24 	27 	0.0297 	0.0041 	0.0800 	1.0000
3 	33 	21 	22 	36 	0.0400 	0.0079 	0.0974 	1.0000
4 	29 	25 	26 	32 	0.0176 	0.0015 	0.0529 	1.0000
5 	37 	22 	21 	32 	0.0410 	0.0082 	0.0994 	1.0000
6 	28 	29 	33 	22 	0.0228 	0.0026 	0.0644 	1.0000
7 	43 	19 	23 	27 	0.0611 	0.0166 	0.1342 	1.0000
8 	42 	16 	20 	34 	0.0815 	0.0286 	0.1616 	1.0000
9 	37 	26 	17 	32 	0.0490 	0.0122 	0.1109 	1.0000
10 	32 	12 	28 	40 	0.0850 	0.0331 	0.1609 	1.0000
11 	29 	20 	35 	28 	0.0311 	0.0050 	0.0808 	1.0000
12 	44 	19 	34 	15 	0.0971 	0.0378 	0.1837 	1.0000
13 	42 	27 	26 	17 	0.0616 	0.0174 	0.1333 	1.0000
14 	112 	0 	0 	0 	1.3114 	1.2128 	1.4100 	1.0000
15 	112 	0 	0 	0 	1.3114 	1.2128 	1.4100 	1.0000
16 	0 	0 	112 	0 	1.3114 	1.2128 	1.4100 	1.0000
17 	42 	19 	31 	20 	0.0655 	0.0192 	0.1397 	1.0000
18 	49 	6 	24 	33 	0.1834 	0.0940 	0.2729 	1.0000
19 	0 	0 	112 	0 	1.3114 	1.2128 	1.4100 	1.0000
20 	36 	21 	36 	19 	0.0534 	0.0138 	0.1193 	1.0000
21 	41 	25 	20 	26 	0.0488 	0.0110 	0.1143 	1.0000
22 	40 	16 	26 	30 	0.0600 	0.0173 	0.1288 	1.0000
23 	30 	20 	27 	35 	0.0317 	0.0051 	0.0820 	1.0000
24 	36 	18 	16 	42 	0.0920 	0.0349 	0.1763 	1.0000
25 	20 	26 	34 	32 	0.0322 	0.0053 	0.0827 	1.0000
26 	42 	24 	22 	24 	0.0504 	0.0114 	0.1179 	1.0000
27 	42 	13 	20 	37 	0.1046 	0.0436 	0.1916 	1.0000
28 	33 	20 	34 	25 	0.0342 	0.0060 	0.0867 	1.0000
29 	41 	12 	22 	37 	0.1031 	0.0435 	0.1879 	1.0000
30 	40 	14 	26 	32 	0.0725 	0.0247 	0.1456 	1.0000
31 	32 	20 	33 	27 	0.0301 	0.0047 	0.0786 	1.0000
# End LogoData

