## LogoData
# First column is position number, counting from zero
# Subsequent columns are raw symbol counts
# Entropy is mean entropy measured in nats.
# Low and High are the 95% confidence limits.
# Weight is the fraction of non-gap symbols in the column.
#	
#	A 	C 	G 	U 	Entropy	Low	High	Weight
1 	48 	26 	21 	32 	0.0590 	0.0172 	0.1260 	1.0000
2 	43 	26 	22 	36 	0.0444 	0.0107 	0.1016 	1.0000
3 	44 	22 	27 	34 	0.0439 	0.0104 	0.1012 	1.0000
4 	35 	33 	25 	34 	0.0195 	0.0022 	0.0552 	1.0000
5 	55 	24 	16 	32 	0.1091 	0.0470 	0.1970 	1.0000
6 	33 	25 	40 	29 	0.0261 	0.0038 	0.0698 	1.0000
7 	42 	26 	20 	39 	0.0522 	0.0147 	0.1131 	1.0000
8 	45 	19 	30 	33 	0.0536 	0.0153 	0.1154 	1.0000
9 	35 	16 	34 	42 	0.0612 	0.0207 	0.1233 	1.0000
10 	36 	28 	30 	33 	0.0160 	0.0014 	0.0477 	1.0000
11 	37 	24 	36 	30 	0.0250 	0.0036 	0.0668 	1.0000
12 	42 	22 	27 	36 	0.0407 	0.0092 	0.0954 	1.0000
13 	48 	28 	31 	20 	0.0599 	0.0178 	0.1270 	1.0000
14 	127 	0 	0 	0 	1.3186 	1.2291 	1.4082 	1.0000
15 	127 	0 	0 	0 	1.3186 	1.2291 	1.4082 	1.0000
16 	0 	0 	127 	0 	1.3186 	1.2291 	1.4082 	1.0000
17 	45 	5 	33 	44 	0.1784 	0.1051 	0.2517 	1.0000
18 	0 	0 	127 	0 	1.3186 	1.2291 	1.4082 	1.0000
19 	45 	20 	36 	26 	0.0556 	0.0161 	0.1191 	1.0000
20 	43 	17 	32 	35 	0.0579 	0.0184 	0.1196 	1.0000
21 	40 	26 	28 	33 	0.0253 	0.0035 	0.0683 	1.0000
22 	32 	30 	29 	36 	0.0150 	0.0012 	0.0453 	1.0000
23 	42 	17 	30 	38 	0.0592 	0.0191 	0.1216 	1.0000
24 	49 	21 	26 	31 	0.0623 	0.0188 	0.1315 	1.0000
25 	31 	25 	30 	41 	0.0273 	0.0040 	0.0724 	1.0000
26 	39 	23 	24 	41 	0.0449 	0.0110 	0.1022 	1.0000
27 	42 	19 	29 	37 	0.0499 	0.0138 	0.1086 	1.0000
28 	35 	28 	26 	38 	0.0232 	0.0030 	0.0637 	1.0000
29 	51 	17 	31 	28 	0.0824 	0.0307 	0.1592 	1.0000
30 	33 	18 	34 	42 	0.0507 	0.0146 	0.1089 	1.0000
31 	38 	26 	36 	27 	0.0251 	0.0035 	0.0676 	1.0000
# End LogoData

